1476413.00
1476215.50
1476008.67
1475900.25
1475886.20
1475921.50
1476128.14
1476117.38
1476085.33
1476070.10
1476075.00
1476035.17
1476031.15
1476074.43
1476160.20
1476084.06
1476068.35
1476091.06
1476094.11
1476122.55
1476171.00
1476202.95
1476173.22
1476192.25
1476181.88
1476098.50
1476075.89
1476088.82
1476109.17
1476103.50
1476126.26
1476161.69
1476121.73
1476143.24
1476168.97
1476149.31
1476160.11
1476144.92
1476179.64
1476178.78
1476143.17
1476121.50
1476125.44
1476110.43
1476106.38
1476114.85
1476090.21
1476100.98
1476106.63
1476100.58
1476108.20
1476144.08
1476159.45
1476155.09
1476154.40
1476155.27
1476187.72
1476199.45
1476212.00
1476241.62
1476241.44
1476235.82
1476246.32
1476226.72
1476235.75
1476225.56
1476225.49
1476227.25
1476228.62
1476227.63
1476224.79
1476214.82
1476208.03
1476206.61
1476201.93
1476197.72
1476202.75
1476188.49
1476187.00
1476192.68
1476199.09
1476193.35
1476178.82
1476180.58
1476167.46
1476168.36
1476171.33
1476168.89
1476167.53
1476161.28
1476161.09
1476166.04
1476170.66
1476175.21
1476174.94
1476183.66
1476181.71
1476181.64
1476171.15
1476173.18
1476176.91
1476157.65
1476169.88
1476178.46
1476167.17
1476154.25
1476154.63
1476152.45
1476153.28
1476140.87
1476126.88
1476127.30
1476123.53
1476139.05
1476154.39
1476161.36
1476158.33
1476151.33
1476160.44
1476156.08
1476155.40
1476149.64
1476162.55
1476167.58
1476172.27
1476158.15
1476155.94
1476151.66
1476152.82
1476154.10
1476166.11
1476166.10
1476171.69
1476173.15
1476172.25
1476182.29
1476173.72
1476173.03
1476176.83
1476175.97
1476164.26
1476157.96
1476161.32
1476153.80
1476148.10
1476149.50
1476142.83
1476154.64
1476157.85
1476145.22
1476142.17
1476143.51
1476148.37
1476146.84
1476141.88
1476142.89
1476149.41
1476136.75
1476138.31
1476136.74
1476127.46
1476114.35
1476108.62
1476111.60
1476114.04
1476115.31
1476119.80
1476116.20
1476119.78
1476118.74
1476114.88
1476100.07
1476104.17
1476103.40
1476097.03
1476095.77
1476101.30
1476101.12
1476099.09
1476095.94
1476101.78
1476103.24
1476096.33
1476100.23
1476100.54
1476106.00
1476111.91
1476115.37
1476116.36
1476115.26
1476116.43
1476113.83
1476112.97
1476118.46
1476115.49
1476121.15
1476125.76
1476124.03
1476137.09
1476138.35
1476143.83
1476147.15
1476152.70
1476154.44
1476151.20
1476150.82
1476150.03
1476150.53
1476149.27
1476152.78
1476150.26
1476156.92
1476157.28
1476165.03
1476172.81
1476174.95
1476186.51
1476182.33
1476177.99
1476176.79
1476171.30
1476167.30
1476179.78
1476173.24
1476172.66
1476175.42
1476178.62
1476184.95
1476183.77
1476185.37
1476186.33
1476192.54
1476200.32
1476196.86
1476194.94
1476194.54
1476194.40
1476189.38
1476189.54
1476189.48
1476189.01
1476189.38
1476189.70
1476185.09
1476187.71
1476187.55
1476182.25
1476186.14
1476189.42
1476189.72
1476191.12
1476195.31
1476195.98
1476193.87
1476190.09
1476187.65
1476188.59
1476195.45
1476193.22
1476193.05
1476191.69
1476188.13
1476186.03
1476182.50
1476182.48
1476179.04
1476179.29
1476180.53
1476174.90
1476173.11
1476173.09
1476172.26
1476166.36
1476166.57
1476164.47
1476163.01
1476163.61
1476165.41
1476163.04
1476158.54
1476160.04
1476158.94
1476157.83
1476157.32
1476152.40
1476150.52
1476152.91
1476144.85
1476139.18
1476136.84
1476140.30
1476138.55
1476135.24
1476135.44
1476134.64
1476133.16
1476131.00
1476132.59
1476128.59
1476130.48
1476127.43
1476128.09
1476125.36
1476127.52
1476127.22
1476128.17
1476126.96
1476123.36
1476127.48
1476127.02
1476129.92
1476124.55
1476123.16
1476120.53
1476123.41
1476129.58
1476130.53
1476130.18
1476132.90
1476132.34
1476132.20
1476128.81
1476131.45
1476133.39
1476131.84
1476130.98
1476132.59
1476133.24
1476132.87
1476133.17
1476134.66
1476133.95
1476136.57
1476136.98
1476133.62
1476128.93
1476128.48
1476126.78
1476128.41
1476127.51
1476127.78
1476128.17
1476125.26
1476126.94
1476125.12
1476124.19
1476119.38
1476120.90
1476125.80
1476126.61
1476127.52
1476123.58
1476124.10
1476127.92
1476128.00
1476126.38
1476126.37
1476130.04
1476133.07
1476136.06
1476136.43
1476139.59
1476141.71
1476142.36
1476140.65
1476141.44
1476143.67
1476144.40
1476145.30
1476142.59
1476141.03
1476138.05
1476132.79
1476133.34
1476136.59
1476127.94
1476128.53
1476124.11
1476124.70
1476124.82
1476124.42
1476122.46
1476124.37
1476120.70
1476115.94
1476113.24
1476110.75
1476107.63
1476104.56
1476101.11
1476100.50
1476098.49
1476098.26
1476098.48
1476098.10
1476095.75
1476096.69
1476101.47
1476103.56
1476107.76
1476107.24
1476109.13
1476106.11
1476105.48
1476107.35
1476108.27
1476110.65
1476109.54
1476110.10
1476113.07
1476113.20
1476112.31
1476113.53
1476113.27
1476113.53
1476115.56
1476112.97
1476112.60
1476113.49
1476114.11
1476112.51
1476110.24
1476106.47
1476109.64
1476111.17
1476110.46
1476113.77
1476119.25
1476117.58
1476116.51
1476116.46
1476115.11
1476115.33
1476115.77
1476116.12
1476114.64
1476111.32
1476112.57
1476114.59
1476114.53
1476113.55
1476114.22
1476114.53
1476117.75
1476118.84
1476118.37
1476119.43
1476123.10
1476119.53
1476120.61
1476123.07
1476121.94
1476122.56
1476126.57
1476128.13
1476124.81
1476122.83
1476121.84
1476123.48
1476124.57
1476127.85
1476130.78
1476126.93
1476127.02
1476126.23
1476125.58
1476126.94
1476126.74
1476127.47
1476130.07
1476130.28
1476129.74
1476129.14
1476126.82
1476129.59
1476130.40
1476130.04
1476130.00
1476129.25
1476131.02
1476130.46
1476131.29
1476130.52
1476133.17
1476134.12
1476134.56
1476134.96
1476133.93
1476133.79
1476137.95
1476138.46
1476137.27
1476134.62
1476134.45
1476131.67
1476130.06
1476132.36
1476133.79
1476133.43
1476136.39
1476135.54
1476137.71
1476135.21
1476135.71
1476134.84
1476135.98
1476135.27
1476136.44
1476137.83
1476136.87
1476139.15
1476139.85
1476140.13
1476139.10
1476137.11
1476136.32
1476136.63
1476137.74
1476137.77
1476138.54
1476139.79
1476140.23
1476141.37
1476141.87
1476142.31
1476140.06
1476140.98
1476143.41
1476145.58
1476143.62
1476144.40
1476143.13
1476144.10
1476145.87
1476144.08
1476144.35
1476146.86
1476148.82
1476146.88
1476144.89
1476146.20
1476148.13
1476151.93
1476152.68
1476153.85
1476154.97
1476154.80
1476154.47
1476154.90
1476156.12
1476155.89
1476155.00
1476154.03
1476154.46
1476152.49
1476153.31
1476155.95
1476154.22
1476153.68
1476155.40
1476155.01
1476154.10
1476153.01
1476156.21
1476156.62
1476155.54
1476154.48
1476155.71
1476157.11
1476159.67
1476161.39
1476160.63
1476162.53
1476161.83
1476160.33
1476159.11
1476159.50
1476160.01
1476159.97
1476159.74
1476157.06
1476156.59
1476154.79
1476155.45
1476153.15
1476152.37
1476152.16
1476150.38
1476148.97
1476148.81
1476148.48
1476148.96
1476148.29
1476147.48
1476146.22
1476145.56
1476145.88
1476144.49
1476144.26
1476140.60
1476140.35
1476139.71
1476140.39
1476140.22
1476138.42
1476139.08
1476138.59
1476137.83
1476137.38
1476139.33
1476139.83
1476138.11
1476140.00
1476139.83
1476140.55
1476140.23
1476137.58
1476137.99
1476139.66
1476141.85
1476141.28
1476140.33
1476141.52
1476141.23
1476140.60
1476140.60
1476139.06
1476139.57
1476141.02
1476139.18
1476139.76
1476139.63
1476138.81
1476137.33
1476138.49
1476138.27
1476136.73
1476136.05
1476135.15
1476136.20
1476135.44
1476136.29
1476136.68
1476139.34
1476138.53
1476136.27
1476134.91
1476133.94
1476134.54
1476134.22
1476134.49
1476133.92
1476133.62
1476132.00
1476131.26
1476129.67
1476129.41
1476128.74
1476129.28
1476128.67
1476128.86
1476127.14
1476129.00
1476130.97
1476130.31
1476131.10
1476131.04
1476130.51
1476129.36
1476129.93
1476129.42
1476129.12
1476126.64
1476129.71
1476129.53
1476128.08
1476128.95
1476130.33
1476129.71
1476130.14
1476131.95
1476132.46
1476132.39
1476132.86
1476131.84
1476129.96
1476130.58
1476129.33
1476129.84
1476128.48
1476128.75
1476128.88
1476130.12
1476131.81
1476131.30
1476130.37
1476131.03
1476131.32
1476130.75
1476134.16
1476134.13
1476134.25
1476135.67
1476135.98
1476134.69
1476134.09
1476134.23
1476135.19
1476133.60
1476132.91
1476133.96
1476134.59
1476133.47
1476132.88
1476132.86
1476134.84
1476136.92
1476136.02
1476136.84
1476139.33
1476140.00
1476139.93
1476140.72
1476140.64
1476141.81
1476142.68
1476140.86
1476140.45
1476140.56
1476139.63
1476139.87
1476139.56
1476140.31
1476138.09
1476137.46
1476135.77
1476133.95
1476135.09
1476134.59
1476135.41
1476134.00
1476134.55
1476133.91
1476134.55
1476135.57
1476136.71
1476137.05
1476137.37
1476137.46
1476136.36
1476136.57
1476134.95
1476133.37
1476133.44
1476132.86
1476134.56
1476135.43
1476137.49
1476137.52
1476137.33
1476137.66
1476138.57
1476138.22
1476138.27
1476140.86
1476140.61
1476141.65
1476141.69
1476141.79
1476141.68
1476141.51
1476141.57
1476141.00
1476141.21
1476141.63
1476142.45
1476143.63
1476143.84
1476143.61
1476143.93
1476142.27
1476143.12
1476144.73
1476145.31
1476145.64
1476145.97
1476145.01
1476145.37
1476144.08
1476143.55
1476143.00
1476142.02
1476142.12
1476141.85
1476141.05
1476141.88
1476140.79
1476139.87
1476139.09
1476138.75
1476138.69
1476139.65
1476138.74
1476139.30
1476139.34
1476139.75
1476138.69
1476137.59
1476138.60
1476138.91
1476139.94
1476139.16
1476138.37
1476138.63
1476139.45
1476140.89
1476141.01
1476142.00
1476141.94
1476143.87
1476144.00
1476144.21
1476143.87
1476142.50
1476145.19
1476144.01
1476145.18
1476147.18
1476149.07
1476151.34
1476150.84
1476150.02
1476148.54
1476150.40
1476151.08
1476151.22
1476149.61
1476150.26
1476148.23
1476150.91
1476148.37
1476149.57
1476149.72
1476149.25
1476150.64
1476150.39
1476149.28
1476148.56
1476147.76
1476147.19
1476148.10
1476147.79
1476149.59
1476150.03
1476149.12
1476149.35
1476151.02
1476150.24
1476148.67
1476149.23
1476149.81
1476151.53
1476153.33
1476152.01
1476151.28
1476150.53
1476149.96
1476148.70
1476147.46
1476147.20
1476148.96
1476148.97
1476148.64
1476148.86
1476148.53
1476147.45
1476147.90
1476146.94
1476146.07
1476145.42
1476145.75
1476145.73
1476145.60
1476146.26
1476145.16
1476144.32
1476145.10
1476146.53
1476146.07
1476146.71
1476149.11
1476147.19
1476147.81
1476148.46
1476147.53
1476146.88
1476145.78
1476146.37
1476144.61
1476143.91
1476143.35
1476141.93
1476142.26
1476143.20
1476142.53
1476142.70
1476141.84
1476141.13
1476141.61
1476140.35
1476140.70
1476140.75
1476141.87
1476142.43
1476142.80
1476142.34
1476142.08
1476143.42
1476143.64
1476144.85
1476144.68
1476144.51
1476143.03
1476144.11
1476144.19
1476144.16
1476143.98
1476144.64
1476143.82
1476145.17
1476144.54
1476147.04
1476146.68
1476145.27
1476145.51
1476145.63
1476144.49
1476144.09
1476144.68
1476144.43
1476144.38
1476145.38
1476146.40
1476147.80
1476146.62
1476146.52
1476145.92
1476145.89
1476146.18
1476146.01
1476145.98
1476148.17
1476148.08
1476148.61
1476147.45
1476146.27
1476146.91
1476145.98
1476146.23
1476147.23
1476146.60
1476147.61
1476147.97
1476147.11
1476147.70
1476148.38
1476148.96
1476148.86
1476149.14
1476150.22
1476151.47
1476152.15
1476153.79
1476154.72
1476154.35
1476155.27
1476156.66
1476156.32
1476157.01
1476155.76
1476155.71
1476157.37
1476154.68
1476153.95
1476154.80
1476155.01
1476154.28
1476154.26
1476155.58
1476154.29
1476153.97
1476153.98
1476152.56
1476153.07
1476151.34
1476153.13
1476152.83
1476152.27
1476152.14
1476151.61
1476151.86
1476151.26
1476151.97
1476151.46
1476152.67
1476152.35
1476153.84
1476153.31
1476152.29
1476152.18
1476152.74
1476153.38
1476153.76
1476153.32
1476153.62
1476151.57
1476150.46
1476149.27
1476150.68
1476150.66
1476150.77
1476151.39
1476150.43
1476151.06
1476152.87
1476152.85
1476152.96
1476153.82
1476154.03
1476152.68
1476151.91
1476152.59
1476151.99
1476151.58
1476150.39
1476151.64
1476153.03
1476154.70
1476153.38
1476154.36
1476154.85
1476154.10
1476153.56
1476153.17
1476153.21
1476152.86
1476151.84
1476152.19
1476152.23
1476152.43
1476153.34
1476151.88
1476150.83
1476150.46
1476150.69
1476149.55
1476149.69
1476149.63
1476149.54
1476149.11
1476147.29
1476147.08
1476147.69
1476149.51
1476150.53
1476150.40
1476151.35
1476154.01
1476152.74
1476153.24
1476154.67
1476155.48
1476155.64
1476154.98
1476155.94
1476157.10
1476157.75
1476159.07
1476159.84
1476159.13
1476160.28
1476159.67
1476160.12
1476160.29
1476159.70
1476160.15
1476161.10
1476161.12
1476162.93
1476163.06
1476163.86
1476162.61
1476164.18
1476164.40
1476165.71
1476165.04
1476165.89
1476166.77
1476166.89
1476167.31
1476167.82
1476167.87
1476166.74
1476167.39
1476166.77
1476167.90
1476168.10
1476168.28
1476167.36
1476167.40
1476167.84
1476167.04
1476168.01
1476168.21
1476168.85
1476167.34
1476167.51
1476166.62
1476166.76
1476168.09
1476168.08
1476167.52
1476168.38
1476168.28
1476168.67
1476170.33
1476169.59
1476169.25
1476168.57
1476167.80
1476167.74
1476168.42
1476168.94
1476168.05
1476169.04
1476168.94
1476168.55
1476168.72
1476168.58
1476169.29
1476168.50
1476169.03
1476168.56
1476168.85
1476169.25
1476169.63
1476169.95
1476170.19
1476169.12
1476169.74
1476169.45
1476169.21
1476168.66
1476168.02
1476168.23
1476167.07
1476166.51
1476167.95
1476167.33
1476168.00
1476168.35
1476169.27
1476169.20
1476168.54
1476169.24
1476168.32
1476168.00
1476169.16
1476169.57
1476169.93
1476170.75
1476170.81
1476170.79
1476170.42
1476170.65
1476170.42
1476171.23
1476171.23
1476171.09
1476170.30
1476170.05
1476170.06
1476170.21
1476169.35
1476168.49
1476168.58
1476168.56
1476169.66
1476170.01
1476169.58
1476167.62
1476167.73
1476168.99
1476169.22
1476169.64
1476169.39
1476170.89
1476170.78
1476171.11
1476172.14
1476173.16
1476172.40
1476172.62
1476173.01
1476173.08
1476172.40
1476171.94
1476171.62
1476171.28
1476170.74
1476170.85
1476171.43
1476171.79
1476173.42
1476173.34
1476173.43
1476173.78
1476174.24
1476174.15
1476174.76
1476174.65
1476173.80
1476174.24
1476175.71
1476174.61
1476173.44
1476174.40
1476173.12
1476174.22
1476173.79
1476173.26
1476173.96
1476173.33
1476172.77
1476173.29
1476174.57
1476174.65
1476174.43
1476174.77
1476173.71
1476174.14
1476173.77
1476175.10
1476175.45
1476176.17
1476175.73
1476175.70
1476174.10
1476172.11
1476171.63
1476170.30
1476170.66
1476170.14
1476171.18
1476172.84
1476172.02
1476172.44
1476172.49
1476172.63
1476172.38
1476172.69
1476173.35
1476172.39
1476172.75
1476173.22
1476172.92
1476173.07
1476173.27
1476172.93
1476173.81
1476174.20
1476174.81
1476174.70
1476175.20
1476173.78
1476172.31
1476172.94
1476172.51
1476172.08
1476171.86
1476171.06
1476170.69
1476171.00
1476172.06
1476170.84
1476170.31
1476170.53
1476170.45
1476170.85
1476170.36
1476170.43
1476169.86
1476169.59
1476169.35
1476169.12
1476169.06
1476169.65
1476169.08
1476169.21
1476169.78
1476169.50
1476170.70
1476169.80
1476169.65
1476169.46
1476169.95
1476170.26
1476170.56
1476170.20
1476170.92
1476171.10
1476172.15
1476172.63
1476171.27
1476170.25
1476171.90
1476172.17
1476171.96
1476170.77
1476171.22
1476171.44
1476171.70
1476172.83
1476173.52
1476173.49
1476173.29
1476173.22
1476173.16
1476173.98
1476174.71
1476174.92
1476175.20
1476174.86
1476175.54
1476175.36
1476175.76
1476176.13
1476176.23
1476175.59
1476174.87
1476175.28
1476175.99
1476174.78
1476174.73
1476174.72
1476174.53
1476174.53
1476175.02
1476174.23
1476174.73
1476174.64
1476175.32
1476175.41
1476174.79
1476174.91
1476174.42
1476174.69
1476174.77
1476174.43
1476172.89
1476172.26
1476172.72
1476173.70
1476173.16
1476172.96
1476172.91
1476172.16
1476171.79
1476171.48
1476171.21
1476171.67
1476172.24
1476172.29
1476171.84
1476172.15
1476170.89
1476170.44
1476170.80
1476169.85
1476169.25
1476169.51
1476169.58
1476169.60
1476170.31
1476169.95
1476170.38
1476169.96
1476171.06
1476171.47
1476171.58
1476171.58
1476170.19
1476169.58
1476168.29
1476169.54
1476168.77
1476168.66
1476168.34
1476168.98
1476168.25
1476169.55
1476170.22
1476170.02
1476169.45
1476170.37
1476169.82
1476169.27
1476169.45
1476169.48
1476168.77
1476169.10
1476168.53
1476168.56
1476169.98
1476169.34
1476169.11
1476169.84
1476169.55
1476169.83
1476170.04
1476170.81
1476171.91
1476171.80
1476172.48
1476171.77
1476171.39
1476170.28
1476170.04
1476170.09
1476169.35
1476168.79
1476169.19
1476168.59
1476169.21
1476168.43
1476168.66
1476168.83
1476168.88
1476168.38
1476168.17
1476168.60
1476169.41
1476168.13
1476169.27
1476169.21
1476168.45
1476168.34
1476168.13
1476168.60
1476168.50
1476167.58
1476167.81
1476168.32
1476168.83
1476168.72
1476168.13
1476169.12
1476169.01
1476169.68
1476168.70
1476168.03
1476168.52
1476168.44
1476167.88
1476167.40
1476167.49
1476167.08
1476167.84
1476168.35
1476169.17
1476169.55
1476170.06
1476169.33
1476169.33
1476168.86
1476168.09
1476167.65
1476168.78
1476168.68
1476169.14
1476168.35
1476168.49
1476169.17
1476169.06
1476169.58
1476169.38
1476170.74
1476170.91
1476169.62
1476169.08
1476168.30
1476167.72
1476167.84
1476167.59
1476167.94
1476167.08
1476167.81
1476167.20
1476166.75
1476166.88
1476167.74
1476167.44
1476167.23
1476166.24
1476165.39
1476165.35
1476165.27
1476165.90
1476166.92
1476165.57
1476164.74
1476165.20
1476165.30
1476165.66
1476165.57
1476165.10
1476165.77
1476165.65
1476165.23
1476164.66
1476163.60
1476164.33
1476164.36
1476164.53
1476164.93
1476164.11
1476163.90
1476164.26
1476165.02
1476164.22
1476164.82
1476164.67
1476164.97
1476165.58
1476166.12
1476166.59
1476165.94
1476165.69
1476164.48
1476164.26
1476165.53
1476165.06
1476166.13
1476166.15
1476165.80
1476164.93
1476164.94
1476165.05
1476165.01
1476164.66
1476164.20
1476164.50
1476166.26
1476165.44
1476164.77
1476165.42
1476165.81
1476166.27
1476165.68
1476166.08
1476165.95
1476166.40
1476165.53
1476165.98
1476166.34
1476166.45
1476165.89
1476166.55
1476166.99
1476166.84
1476166.77
1476166.81
1476167.05
1476166.72
1476167.52
1476167.91
1476167.64
1476168.26
1476168.43
1476167.48
1476166.79
1476166.28
1476166.32
1476166.47
1476167.01
1476166.39
1476166.50
1476167.17
1476167.70
1476167.82
1476168.40
1476168.85
1476168.85
1476168.44
1476169.26
1476169.14
1476169.54
1476169.29
1476169.81
1476169.63
1476169.31
1476168.71
1476169.54
1476168.98
1476169.05
1476168.93
1476168.02
1476167.10
1476167.16
1476167.15
1476166.94
1476167.51
1476166.24
1476165.15
1476165.75
1476164.97
1476164.62
1476165.64
1476165.72
1476166.25
1476166.47
1476166.77
1476166.73
1476166.31
1476166.22
1476166.69
1476166.97
1476166.64
1476166.08
1476166.41
1476166.43
1476166.16
1476165.97
1476167.17
1476167.14
1476166.55
1476166.24
1476166.17
1476165.68
1476165.90
1476166.12
1476166.20
1476166.83
1476166.45
1476167.08
1476167.72
1476167.86
1476167.72
1476167.93
1476168.63
1476169.00
1476169.60
1476170.13
1476170.81
1476170.98
1476171.16
1476170.80
1476170.41
1476169.98
1476170.38
1476170.02
1476170.78
1476171.25
1476171.10
1476170.82
1476170.43
1476170.84
1476170.50
1476170.29
1476169.65
1476169.16
1476169.67
1476169.47
1476170.17
1476170.65
1476170.26
1476171.01
1476170.81
1476171.16
1476171.01
1476171.16
1476170.31
1476170.09
1476169.82
1476169.91
1476170.09
1476170.63
1476169.95
1476170.41
1476170.99
1476171.40
1476171.62
1476172.65
1476172.31
1476172.47
1476172.24
1476172.84
1476172.36
1476172.47
1476172.13
1476172.71
1476172.40
1476172.21
1476172.58
1476172.37
1476172.46
1476172.58
1476172.43
1476171.93
1476172.35
1476172.76
1476172.60
1476172.90
1476173.87
1476173.86
1476174.10
1476174.03
1476173.42
1476173.98
1476174.54
1476174.39
1476174.64
1476174.74
1476174.59
1476173.94
1476174.57
1476174.55
1476175.06
1476175.74
1476174.89
1476174.05
1476174.96
1476174.79
1476176.14
1476175.43
1476174.82
1476174.78
1476175.25
1476175.71
1476175.78
1476176.25
1476175.80
1476175.17
1476175.04
1476174.74
1476174.19
1476173.77
1476173.34
1476173.08
1476173.39
1476172.73
1476172.54
1476171.63
1476171.62
1476171.95
1476171.15
1476170.97
1476172.25
1476172.01
1476172.35
1476172.68
1476172.96
1476173.48
1476172.55
1476172.47
1476172.90
1476173.93
1476174.14
1476174.32
1476174.10
1476174.16
1476175.12
1476174.52
1476174.91
1476174.14
1476174.32
1476174.87
1476175.24
1476174.71
1476173.39
1476173.28
1476173.25
1476173.53
1476173.44
1476172.88
1476172.61
1476172.50
1476172.31
1476172.39
1476173.11
1476173.90
1476173.77
1476173.28
1476173.91
1476175.24
1476175.63
1476175.89
1476176.70
1476176.15
1476175.89
1476176.28
1476176.48
1476176.29
1476176.20
1476176.11
1476175.85
1476176.20
1476176.46
1476175.53
1476175.28
1476174.88
1476174.82
1476175.68
1476175.79
1476176.49
1476176.79
1476177.05
1476177.62
1476177.17
1476177.80
1476177.15
1476177.29
1476177.32
1476177.44
1476177.06
1476176.54
1476177.67
1476178.21
1476178.08
1476177.50
1476177.30
1476176.61
1476177.33
1476177.65
1476177.05
1476177.21
1476177.48
1476177.53
1476177.01
1476176.86
1476177.05
1476177.23
1476177.42
1476177.83
1476177.55
1476177.46
1476178.04
1476177.36
1476177.51
1476177.72
1476178.01
1476177.15
1476176.87
1476176.56
1476177.07
1476177.48
1476177.01
1476176.93
1476176.09
1476176.53
1476176.00
1476175.93
1476175.48
1476175.22
1476175.74
1476176.09
1476175.22
1476174.82
1476174.77
1476173.41
1476173.04
1476172.87
1476172.35
1476172.80
1476173.34
1476173.21
1476172.97
1476172.80
1476173.39
1476173.57
1476173.58
1476174.47
1476174.54
1476174.05
1476174.68
1476174.61
1476174.31
1476174.74
1476174.06
1476173.82
1476173.61
1476173.47
1476173.66
1476173.69
1476173.56
1476173.16
1476173.17
1476173.29
1476173.13
1476173.79
1476174.50
1476174.86
1476175.28
1476175.25
1476175.08
1476174.33
1476174.77
1476174.08
1476173.89
1476174.61
1476174.42
1476173.95
1476173.87
1476173.39
1476174.13
1476174.54
1476174.19
1476174.33
1476174.51
1476174.00
1476173.66
1476172.79
1476173.02
1476172.95
1476173.15
1476173.13
1476173.40
1476173.45
1476172.65
1476172.38
1476172.21
1476171.82
1476171.39
1476171.99
1476171.84
1476171.95
1476171.99
1476171.39
1476171.50
1476171.83
1476171.80
1476171.99
1476172.22
1476172.36
1476172.47
1476172.35
1476172.47
1476172.67
1476172.43
1476172.27
1476172.85
1476172.70
1476172.84
1476172.99
1476172.78
1476172.65
1476172.36
1476172.84
1476173.18
1476173.96
1476173.76
1476174.02
1476173.27
1476172.95
1476172.57
1476172.33
1476172.66
1476172.86
1476172.98
1476173.14
1476173.10
1476172.85
1476172.80
1476172.90
1476172.19
1476172.30
1476172.58
1476172.55
1476172.59
1476172.50
1476172.34
1476172.94
1476172.32
1476172.10
1476172.71
1476172.55
1476172.74
1476172.43
1476172.25
1476172.94
1476172.82
1476172.89
1476173.38
1476173.68
1476174.02
1476174.04
1476173.46
1476173.88
1476173.19
1476173.47
1476172.38
1476172.78
1476172.91
1476173.00
1476173.03
1476172.60
1476172.98
1476172.77
1476172.74
1476172.92
1476172.36
1476172.60
1476171.99
1476172.19
1476172.71
1476173.08
1476173.12
1476173.05
1476172.43
1476172.15
1476171.70
1476172.38
1476171.80
1476171.57
1476171.49
1476171.95
1476171.28
1476171.52
1476171.22
1476171.28
1476170.82
1476170.38
1476170.33
1476170.64
1476170.69
1476170.61
1476171.05
1476171.22
1476170.73
1476170.54
1476170.59
1476169.73
1476169.73
1476170.00
1476170.03
1476170.17
1476170.13
1476169.70
1476170.09
1476169.85
1476169.96
1476170.57
1476170.33
1476170.48
1476170.41
1476170.55
1476170.79
1476170.37
1476170.73
1476170.19
1476170.42
1476170.03
1476169.16
1476168.86
1476169.34
1476170.06
1476170.16
1476169.57
1476169.99
1476170.03
1476169.95
1476169.77
1476170.18
1476169.94
1476170.00
1476170.15
1476170.33
1476170.38
1476170.42
1476170.94
1476171.10
1476170.83
1476170.20
1476169.65
1476169.55
1476169.04
1476168.28
1476168.16
1476168.64
1476169.08
1476168.65
1476168.90
1476169.34
1476169.61
1476170.27
1476170.05
1476169.98
1476170.23
1476170.64
1476170.98
1476170.43
1476170.53
1476170.23
1476169.81
1476170.50
1476170.65
1476170.82
1476170.40
1476169.97
1476170.32
1476170.21
1476170.96
1476171.45
1476171.69
1476171.71
1476171.44
1476171.16
1476170.77
1476171.29
1476171.33
1476171.15
1476171.77
1476171.71
1476171.83
1476171.72
1476172.03
1476172.07
1476171.38
1476170.61
1476171.52
1476171.77
1476171.69
1476171.64
1476171.57
1476171.47
1476171.40
1476171.11
1476170.96
1476170.68
1476170.59
1476170.84
1476170.63
1476171.15
1476171.11
1476171.03
1476171.10
1476171.28
1476170.71
1476170.28
1476170.44
1476170.86
1476171.02
1476170.43
1476170.96
1476170.96
1476171.09
1476171.08
1476171.23
1476171.15
1476172.03
1476172.35
1476172.61
1476172.40
1476172.06
1476171.65
1476171.64
1476171.49
1476171.81
1476172.47
1476172.43
1476172.80
1476173.73
1476173.48
1476173.46
1476173.48
1476173.66
1476173.19
1476172.87
1476172.13
1476171.80
1476171.81
1476171.52
1476170.93
1476170.73
1476170.97
1476171.41
1476171.16
1476171.46
1476170.83
1476170.27
1476169.88
1476169.90
1476169.88
1476169.77
1476169.57
1476169.73
1476170.10
1476170.34
1476170.15
1476170.10
1476170.36
1476169.73
1476169.98
1476170.72
1476170.83
1476170.92
1476170.58
1476171.11
1476171.13
1476171.10
1476170.74
1476170.41
1476170.68
1476171.07
1476171.29
1476171.37
1476171.49
1476171.48
1476171.25
1476171.61
1476171.68
1476171.53
1476171.95
1476172.65
1476172.91
1476172.87
1476172.47
1476172.60
1476172.32
1476171.78
1476171.80
1476171.89
1476171.70
1476171.65
1476171.74
1476171.68
1476171.79
1476171.32
1476171.10
1476170.76
1476171.50
1476171.01
1476170.98
1476171.20
1476171.24
1476170.92
1476170.71
1476170.67
1476170.76
1476170.32
1476170.09
1476170.55
1476170.12
1476169.90
1476170.09
1476170.02
1476170.04
1476170.06
1476170.05
1476169.81
1476170.09
1476170.10
1476169.70
1476169.37
1476169.81
1476169.88
1476170.28
1476169.75
1476169.38
1476169.04
1476168.96
1476169.20
1476169.33
1476168.97
1476168.25
1476167.96
1476167.25
1476167.55
1476167.89
1476167.62
1476167.88
1476167.85
1476167.86
1476167.26
1476167.52
1476167.15
1476167.19
1476166.48
1476166.33
1476166.59
1476166.86
1476166.88
1476166.89
1476167.19
1476166.62
1476166.42
1476165.93
1476165.65
1476165.88
1476166.11
1476166.03
1476166.34
1476166.10
1476167.05
1476166.79
1476166.29
1476166.48
1476166.16
1476165.41
1476165.66
1476165.93
1476165.87
1476165.78
1476165.99
1476165.61
1476165.03
1476165.07
1476165.80
1476165.64
1476164.93
1476163.97
1476163.56
1476163.58
1476163.89
1476164.35
1476163.79
1476164.07
1476164.67
1476164.77
1476164.93
1476165.03
1476165.23
1476164.90
1476164.99
1476164.62
1476164.50
1476164.44
1476164.48
1476163.84
1476164.15
1476163.93
1476163.88
1476164.47
1476164.40
1476164.08
1476164.10
1476163.68
1476162.92
1476163.70
1476164.00
1476163.71
1476164.10
1476163.46
1476162.69
1476161.97
1476162.07
1476162.43
1476163.09
1476163.28
1476163.41
1476163.42
1476163.23
1476163.17
1476163.84
1476163.32
1476163.01
1476163.51
1476163.54
1476163.96
1476164.21
1476164.27
1476163.87
1476164.12
1476163.79
1476163.75
1476163.62
1476164.46
1476164.09
1476163.70
1476163.83
1476163.47
1476164.08
1476164.32
1476164.43
1476164.35
1476164.44
1476164.47
1476164.23
1476164.25
1476164.67
1476164.06
1476164.23
1476164.00
1476164.17
1476164.02
1476164.09
1476163.88
1476163.99
1476164.32
1476164.67
1476164.33
1476164.96
1476164.96
1476165.19
1476165.76
1476165.73
1476165.20
1476165.02
1476164.75
1476164.14
1476163.77
1476163.83
1476163.84
1476163.98
1476163.71
1476163.58
1476164.01
1476164.12
1476164.03
1476163.48
1476163.85
1476163.23
1476163.28
1476163.44
1476163.13
1476163.20
1476163.55
1476163.31
1476163.24
1476162.91
1476162.62
1476162.77
1476163.33
1476163.39
1476163.09
1476163.47
1476163.84
1476163.55
1476164.18
1476164.13
1476164.68
1476164.56
1476164.87
1476165.23
1476165.60
1476165.39
1476165.45
1476165.70
1476166.02
1476166.30
1476166.49
1476166.58
1476166.58
1476166.25
1476165.69
1476166.04
1476165.28
1476165.08
1476165.35
1476165.37
1476165.30
1476165.21
1476165.26
1476165.36
1476165.31
1476165.39
1476166.21
1476166.17
1476166.47
1476166.75
1476166.77
1476166.84
1476166.63
1476165.81
1476165.17
1476165.38
1476165.41
1476165.36
1476165.42
1476165.69
1476165.48
1476165.39
1476165.85
1476165.85
1476165.82
1476165.63
1476165.34
1476165.09
1476165.20
1476164.92
1476165.04
1476165.21
1476164.83
1476165.02
1476165.11
1476165.24
1476165.11
1476164.84
1476165.00
1476165.17
1476164.85
1476165.09
1476164.69
1476164.64
1476164.57
1476164.63
1476164.22
1476164.28
1476164.20
1476164.92
1476164.72
1476164.81
1476164.72
1476164.70
1476164.49
1476164.04
1476164.40
1476164.33
1476164.69
1476164.32
1476163.97
1476164.00
1476163.69
1476163.70
1476163.75
1476163.83
1476163.62
1476163.91
1476163.81
1476163.55
1476163.09
1476163.75
1476164.19
1476164.66
1476165.01
1476165.21
1476165.49
1476165.23
1476165.34
1476165.41
1476165.76
1476165.74
1476165.69
1476165.22
1476165.05
1476165.25
1476164.95
1476164.47
1476164.78
1476165.07
1476165.22
1476164.80
1476165.47
1476165.63
1476166.22
1476166.99
1476166.46
1476166.56
1476166.93
1476166.36
1476166.41
1476166.73
1476166.76
1476166.92
1476167.21
1476166.52
1476165.97
1476166.09
1476166.98
1476166.60
1476166.78
1476166.71
1476166.92
1476167.16
1476167.01
1476166.58
1476166.49
1476166.48
1476166.11
1476165.86
1476166.03
1476165.96
1476166.18
1476166.06
1476166.43
1476166.50
1476166.62
1476166.81
1476166.94
1476167.07
1476167.11
1476167.47
1476167.46
1476168.01
1476168.27
1476168.25
1476168.13
1476168.17
1476168.01
1476167.85
1476167.52
1476167.32
1476167.27
1476167.55
1476167.10
1476167.00
1476167.23
1476167.00
1476167.06
1476166.69
1476166.33
1476166.39
1476166.05
1476166.39
1476166.34
1476166.69
1476166.69
1476166.78
1476167.34
1476167.45
1476167.61
1476167.47
1476167.16
1476166.72
1476166.69
1476166.64
1476166.67
1476166.57
1476166.65
1476166.55
1476166.86
1476166.76
1476167.17
1476166.82
1476167.01
1476166.95
1476167.57
1476167.70
1476167.00
1476166.16
1476166.27
1476165.44
1476165.39
1476165.06
1476165.08
1476164.11
1476164.27
1476164.41
1476163.71
1476163.26
1476163.31
1476162.84
1476162.53
1476162.34
1476162.16
1476162.17
1476162.04
1476162.11
1476162.44
1476162.54
1476163.43
1476163.60
1476163.71
1476163.35
1476163.60
1476164.00
1476163.92
1476164.37
1476164.06
1476164.49
1476164.31
1476164.10
1476164.51
1476164.94
1476165.29
1476165.06
1476164.82
1476164.96
1476164.52
1476164.53
1476164.22
1476164.40
1476164.58
1476164.38
1476163.96
1476163.80
1476163.61
1476163.54
1476163.41
1476164.04
1476164.09
1476163.89
1476163.61
1476164.68
1476164.36
1476164.18
1476163.69
1476163.27
1476163.70
1476163.38
1476163.50
1476163.59
1476163.47
1476163.77
1476164.19
1476164.33
1476163.85
1476163.62
1476163.61
1476163.62
1476163.53
1476163.33
1476163.18
1476163.17
1476162.91
1476163.49
1476163.93
1476163.85
1476163.43
1476163.45
1476163.89
1476163.11
1476162.99
1476163.32
1476163.28
1476162.89
1476162.78
1476162.42
1476162.35
1476161.82
1476161.00
1476160.84
1476160.71
1476160.58
1476160.44
1476160.38
1476160.58
1476160.70
1476161.24
1476161.10
1476161.12
1476160.43
1476160.65
1476160.24
1476160.32
1476160.22
1476160.83
1476160.75
1476160.82
1476160.43
1476160.56
1476160.67
1476160.67
1476160.78
1476161.15
1476161.00
1476161.39
1476161.17
1476161.01
1476161.06
1476160.93
1476160.54
1476160.60
1476160.12
1476160.18
1476160.22
1476160.13
1476159.58
1476159.79
1476160.45
1476160.71
1476160.80
1476161.42
1476161.44
1476161.65
1476161.66
1476160.84
1476161.11
1476161.08
1476161.05
1476161.29
1476161.18
1476161.62
1476161.70
1476161.91
1476162.02
1476162.86
1476162.27
1476162.69
1476162.97
1476162.94
1476162.60
1476162.51
1476163.10
1476163.06
1476163.02
1476163.00
1476163.23
1476163.24
1476163.57
1476163.18
1476162.79
1476163.31
1476163.90
1476164.03
1476163.70
1476164.20
1476164.27
1476164.44
1476164.13
1476164.16
1476163.95
1476163.50
1476163.22
1476163.20
1476162.99
1476162.79
1476162.33
1476162.13
1476162.17
1476162.26
1476162.25
1476162.21
1476161.37
1476161.57
1476161.71
1476161.08
1476160.69
1476160.57
1476160.60
1476160.61
1476160.34
1476159.98
1476160.07
1476159.45
1476159.69
1476159.50
1476159.70
1476159.95
1476159.78
1476159.67
1476160.09
1476159.60
1476159.67
1476160.06
1476160.17
1476159.68
1476159.86
1476159.65
1476159.99
1476160.42
1476159.68
1476160.39
1476160.17
1476160.06
1476160.25
1476160.11
1476160.07
1476160.58
1476160.75
1476160.67
1476160.96
1476161.37
1476161.35
1476161.27
1476161.17
1476160.81
1476161.04
1476160.41
1476159.71
1476159.87
1476159.78
1476159.78
1476159.68
1476159.29
1476159.65
1476159.44
1476159.17
1476159.02
1476158.80
1476158.66
1476158.56
1476158.65
1476158.69
1476158.38
1476158.39
1476158.63
1476158.53
1476158.30
1476158.80
1476159.42
1476159.83
1476160.23
1476160.49
1476160.68
1476160.67
1476160.52
1476160.55
1476160.66
1476161.06
1476161.37
1476160.96
1476161.17
1476161.00
1476160.81
1476160.63
1476160.83
1476160.71
1476160.56
1476160.10
1476160.06
1476160.43
1476160.23
1476160.13
1476160.78
1476160.94
1476160.51
1476160.31
1476159.92
1476160.10
1476160.60
1476160.29
1476160.20
1476160.60
1476160.41
1476160.43
1476160.71
1476160.34
1476160.31
1476160.17
1476160.23
1476160.49
1476160.35
1476160.56
1476160.90
1476160.76
1476160.89
1476160.69
1476160.62
1476160.19
1476159.90
1476160.85
1476160.62
1476161.28
1476161.44
1476161.23
1476161.51
1476161.28
1476161.88
1476161.85
1476161.91
1476162.33
1476163.07
1476163.31
1476163.04
1476163.29
1476163.48
1476163.59
1476163.86
1476163.59
1476163.22
1476163.51
1476163.14
1476163.39
1476163.77
1476164.15
1476164.36
1476164.32
1476164.33
1476164.02
1476164.26
1476164.33
1476164.39
1476164.11
1476164.37
1476164.15
1476164.34
1476164.78
1476164.62
1476164.48
1476164.34
1476164.83
1476164.34
1476163.90
1476164.47
1476164.33
1476164.60
1476164.60
1476164.64
1476164.22
1476164.26
1476164.29
1476164.86
1476164.67
1476164.62
1476164.79
1476165.18
1476165.26
1476164.94
1476165.05
1476164.65
1476164.72
1476164.82
1476164.98
1476164.81
1476164.61
1476165.04
1476164.36
1476164.62
1476164.48
1476164.80
1476164.79
1476164.54
1476164.71
1476164.66
1476164.83
1476164.41
1476164.55
1476165.27
1476165.27
1476165.21
1476165.31
1476165.11
1476165.08
1476164.89
1476164.96
1476164.79
1476164.76
1476164.47
1476164.61
1476164.82
1476164.75
1476164.93
1476164.78
1476165.05
1476165.08
1476165.52
1476166.02
1476166.27
1476166.56
1476166.52
1476166.70
1476166.80
1476167.12
1476167.12
1476166.73
1476166.56
1476166.59
1476166.14
1476165.91
1476166.28
1476165.91
1476165.97
1476165.74
1476165.86
1476165.89
1476166.31
1476166.34
1476166.39
1476166.36
1476166.41
1476166.10
1476166.52
1476166.95
1476166.46
1476166.73
1476166.99
1476166.97
1476166.92
1476167.46
1476167.26
1476167.57
1476167.36
1476167.02
1476167.02
1476167.02
1476166.81
1476167.15
1476167.15
1476167.38
1476167.51
1476167.38
1476167.45
1476167.45
1476167.00
1476166.94
1476166.70
1476166.91
1476167.40
1476167.41
1476168.00
1476168.08
1476167.76
1476168.06
1476168.09
1476168.06
1476168.02
1476168.13
1476168.19
1476167.91
1476168.39
1476167.93
1476168.00
1476167.36
1476167.34
1476167.22
1476167.29
1476167.20
1476167.40
1476167.24
1476167.34
1476167.16
1476167.13
1476166.74
1476167.08
1476166.98
1476167.39
1476166.91
1476166.46
1476166.23
1476166.50
1476166.33
1476166.30
1476166.85
1476166.83
1476167.14
1476167.12
1476166.95
1476166.98
1476166.95
1476166.86
1476166.90
1476166.80
1476166.86
1476167.16
1476166.45
1476166.43
1476166.54
1476166.51
1476166.26
1476166.44
1476166.34
1476166.11
1476166.65
1476166.32
1476166.25
1476166.05
1476166.39
1476166.37
1476166.61
1476166.59
1476166.62
1476166.66
1476166.75
1476166.91
1476167.49
1476167.84
1476168.49
1476168.84
1476168.96
1476168.87
1476169.42
1476168.98
1476169.19
1476168.95
1476168.86
1476168.86
1476168.52
1476168.77
1476169.12
1476168.84
1476169.05
1476169.23
1476169.03
1476169.13
1476169.67
1476170.09
1476170.06
1476170.66
1476170.89
1476170.79
1476170.85
1476170.95
1476171.02
1476171.09
1476171.29
1476171.79
1476171.89
1476171.90
1476172.00
1476172.02
1476171.87
1476171.91
1476172.22
1476172.23
1476172.01
1476171.92
1476172.29
1476172.82
1476173.25
1476173.09
1476173.21
1476173.58
1476173.63
1476173.62
1476172.86
1476173.12
1476173.16
1476173.12
1476173.05
1476172.87
1476172.62
1476172.91
1476172.38
1476172.25
1476172.08
1476172.23
1476172.10
1476171.57
1476171.69
1476171.78
1476171.80
1476171.52
1476171.76
1476171.47
1476170.99
1476171.19
1476171.24
1476171.50
1476171.61
1476171.61
1476171.50
1476171.59
1476171.55
1476171.77
1476171.59
1476171.19
1476171.25
1476171.32
1476171.58
1476171.68
1476171.67
1476171.61
1476171.20
1476171.01
1476170.94
1476170.91
1476170.85
1476170.98
1476170.94
1476170.88
1476171.00
1476171.50
1476172.03
1476172.32
1476172.53
1476172.52
1476172.34
1476172.07
1476171.65
1476172.05
1476171.73
1476171.66
1476171.38
1476171.65
1476171.41
1476171.11
1476171.54
1476171.98
1476172.03
1476171.90
1476172.13
1476172.26
1476172.19
1476172.01
1476172.12
1476172.21
1476172.40
1476172.18
1476172.13
1476171.88
1476172.02
1476172.21
1476171.65
1476171.64
1476171.74
1476171.35
1476171.43
1476171.23
1476171.47
1476171.27
1476171.06
1476170.40
1476170.62
1476170.58
1476170.44
1476170.13
1476169.91
1476169.71
1476169.69
1476169.71
1476169.65
1476169.56
1476168.94
1476168.28
1476168.43
1476169.19
1476169.08
1476169.21
1476169.60
1476169.62
1476169.46
1476169.22
1476168.91
1476169.20
1476169.49
1476169.43
1476169.01
1476169.08
1476169.16
1476168.90
1476168.40
1476168.33
1476168.60
1476168.65
1476168.86
1476169.19
1476168.97
1476169.38
1476169.51
1476169.46
1476169.73
1476170.02
1476169.90
1476169.88
1476170.46
1476170.06
1476170.12
1476169.82
1476170.04
1476170.28
1476170.30
1476170.43
1476170.41
1476170.38
1476170.35
1476169.99
1476169.87
1476170.00
1476169.70
1476169.79
1476169.95
1476169.91
1476169.99
1476169.82
1476169.41
1476169.84
1476169.49
1476169.48
1476169.71
1476169.77
1476169.66
1476169.53
1476169.43
1476169.65
1476169.75
1476169.32
1476168.96
1476168.89
1476169.03
1476168.92
1476168.91
1476168.86
1476168.97
1476169.01
1476168.96
1476169.04
1476169.30
1476169.40
1476169.19
1476169.60
1476169.74
1476169.97
1476170.16
1476170.40
1476170.41
1476170.40
1476170.56
1476170.61
1476171.38
1476171.39
1476171.17
1476171.42
1476171.50
1476171.36
1476171.40
1476171.33
1476171.13
1476171.47
1476171.25
1476171.08
1476171.00
1476170.58
1476170.54
1476170.88
1476171.41
1476171.41
1476171.44
1476171.23
1476170.78
1476170.75
1476170.75
1476170.47
1476170.37
1476170.97
1476171.30
1476171.57
1476171.63
1476171.75
1476171.84
1476171.84
1476171.97
1476172.07
1476171.70
1476172.09
1476172.35
1476172.35
1476172.31
1476172.09
1476172.50
1476172.37
1476172.36
1476172.51
1476172.46
1476172.42
1476172.45
1476172.69
1476172.93
1476172.80
1476172.64
1476172.94
1476172.99
1476172.76
1476172.80
1476172.91
1476172.73
1476172.81
1476172.07
1476172.20
1476172.27
1476171.99
1476171.97
1476171.59
1476171.91
1476171.60
1476172.10
1476172.05
1476172.23
1476172.22
1476172.19
1476172.19
1476172.09
1476172.08
1476172.24
1476172.46
1476172.57
1476172.60
1476172.52
1476172.01
1476172.50
1476172.59
1476172.47
1476172.04
1476172.11
1476172.58
1476172.81
1476172.94
1476172.95
1476173.31
1476173.42
1476173.28
1476173.11
1476172.82
1476172.45
1476172.19
1476172.03
1476172.04
1476172.10
1476172.02
1476172.37
1476172.19
1476171.68
1476171.88
1476171.94
1476172.00
1476171.85
1476171.63
1476171.66
1476171.39
1476171.55
1476171.89
1476171.70
1476171.89
1476171.95
1476171.99
1476172.06
1476172.22
1476172.04
1476172.43
1476172.65
1476172.84
1476172.69
1476172.17
1476171.98
1476172.02
1476172.29
1476172.11
1476172.14
1476172.10
1476172.01
1476172.18
1476172.28
1476172.04
1476172.41
1476172.37
1476172.45
1476172.51
1476172.31
1476172.84
1476172.96
1476172.92
1476172.80
1476173.10
1476172.92
1476172.70
1476172.88
1476173.06
1476173.14
1476173.35
1476173.59
1476173.19
1476172.82
1476172.69
1476172.29
1476172.39
1476172.37
1476172.51
1476172.89
1476173.15
1476172.88
1476172.78
1476172.97
1476172.91
1476173.03
1476172.77
1476172.60
1476172.46
1476172.13
1476172.01
1476171.92
1476171.69
1476171.69
1476171.58
1476171.71
1476171.38
1476171.48
1476171.36
1476171.12
1476170.69
1476170.87
1476171.05
1476170.67
1476170.72
1476170.76
1476170.87
1476170.90
1476171.16
1476171.27
1476171.13
1476171.08
1476171.13
1476171.40
1476171.09
1476171.22
1476170.85
1476170.38
1476170.90
1476171.02
1476171.15
1476171.30
1476171.37
1476171.70
1476171.45
1476171.02
1476171.03
1476170.84
1476171.00
1476170.64
1476170.71
1476170.69
1476171.00
1476170.58
1476170.80
1476170.68
1476170.86
1476170.94
1476170.63
1476169.93
1476169.74
1476170.44
1476170.25
1476170.19
1476170.04
1476169.84
1476169.83
1476170.16
1476170.53
1476170.54
1476170.52
1476170.24
1476170.61
1476170.70
1476170.73
1476170.78
1476171.03
1476170.88
1476171.01
1476171.10
1476170.84
1476170.94
1476170.86
1476170.52
1476170.65
1476170.82
1476170.89
1476170.87
1476170.69
1476170.40
1476170.26
1476170.46
1476170.16
1476170.01
1476170.53
1476170.32
1476170.70
1476170.57
1476170.23
1476170.12
1476170.20
1476170.02
1476169.99
1476170.10
1476170.12
1476170.11
1476170.16
1476170.28
1476169.88
1476169.70
1476169.67
1476169.39
1476168.96
1476168.71
1476169.27
1476169.61
1476170.58
1476170.82
1476170.53
1476170.29
1476170.03
1476169.80
1476169.78
1476169.53
1476169.44
1476169.57
1476169.71
1476169.28
1476169.51
1476169.94
1476170.65
1476170.97
1476170.80
1476170.82
1476170.88
1476170.91
1476171.29
1476171.64
1476171.65
1476171.25
1476170.53
1476170.61
1476170.64
1476171.03
1476170.73
1476171.03
1476170.37
1476170.51
1476170.53
1476170.45
1476170.25
1476170.83
1476170.91
1476170.95
1476170.72
1476170.96
1476170.75
1476170.63
1476170.42
1476170.51
1476170.39
1476170.66
1476170.87
1476171.03
1476171.09
1476170.79
1476170.92
1476170.59
1476170.45
1476170.65
1476171.12
1476170.79
1476170.55
1476170.25
1476170.21
1476170.49
1476170.52
1476170.51
1476170.23
1476170.26
1476170.07
1476170.48
1476170.15
1476170.14
1476170.51
1476170.16
1476170.44
1476170.62
1476170.55
1476170.62
1476170.70
1476170.95
1476171.28
1476171.30
1476171.32
1476171.21
1476170.59
1476170.79
1476170.71
1476170.86
1476170.77
1476170.67
1476170.93
1476170.75
1476170.56
1476170.68
1476170.56
1476170.52
1476170.36
1476170.42
1476170.55
1476171.00
1476170.91
1476171.21
1476171.68
1476171.63
1476171.22
1476171.22
1476171.31
1476171.26
1476171.33
1476171.20
1476170.95
1476171.19
1476171.29
1476171.36
1476171.14
1476171.12
1476171.26
1476171.21
1476170.83
1476170.48
1476170.91
1476170.59
1476170.72
1476170.64
1476170.80
1476171.41
1476171.48
1476171.78
1476172.19
1476172.13
1476172.13
1476172.10
1476171.81
1476171.74
1476171.63
1476171.53
1476171.43
1476171.72
1476171.51
1476171.99
1476172.08
1476172.03
1476172.42
1476172.79
1476172.65
1476172.36
1476172.18
1476172.01
1476172.04
1476171.86
1476171.76
1476171.60
1476171.47
1476171.50
1476171.07
1476171.19
1476171.28
1476171.41
1476171.57
1476171.49
1476171.87
1476172.07
1476171.80
1476171.80
1476172.09
1476171.82
1476171.65
1476171.40
1476170.82
1476170.87
1476171.51
1476171.66
1476171.48
1476171.61
1476171.32
1476171.17
1476171.16
1476171.23
1476171.31
1476171.27
1476171.36
1476171.31
1476171.33
1476171.31
1476171.37
1476171.50
1476171.60
1476171.81
1476171.99
1476171.70
1476172.05
1476172.37
1476172.19
1476171.92
1476171.85
1476171.91
1476172.09
1476172.04
1476172.07
1476172.51
1476172.60
1476172.83
1476172.90
1476172.79
1476172.91
1476172.89
1476172.78
1476172.92
1476172.72
1476172.72
1476172.71
1476172.44
1476172.37
1476172.32
1476172.32
1476172.40
1476172.42
1476171.90
1476171.81
1476171.61
1476171.91
1476171.98
1476172.05
1476171.90
1476171.71
1476171.90
1476171.61
1476170.89
1476170.99
1476171.14
1476170.59
1476170.27
1476170.29
1476170.22
1476170.04
1476169.98
1476170.02
1476170.13
1476169.97
1476169.95
1476169.86
1476169.86
1476169.76
1476170.11
1476170.27
1476170.09
1476170.22
1476170.57
1476170.53
1476170.70
1476170.94
1476170.70
1476170.78
1476170.76
1476170.44
1476170.71
1476170.93
1476171.21
1476170.95
1476170.98
1476171.04
1476170.91
1476170.68
1476170.57
1476170.48
1476170.18
1476170.45
1476170.33
1476170.31
1476171.10
1476171.02
1476170.99
1476171.16
1476171.08
1476171.14
1476171.11
1476171.36
1476171.16
1476171.12
1476171.09
1476171.59
1476171.97
1476171.82
1476172.03
1476171.67
1476171.86
1476171.93
1476171.80
1476171.35
1476171.10
1476170.56
1476170.36
1476170.00
1476170.47
1476170.64
1476170.87
1476171.38
1476171.10
1476171.56
1476171.83
1476172.06
1476172.01
1476172.06
1476172.32
1476172.64
1476172.39
1476172.18
1476171.95
1476171.94
1476171.88
1476171.83
1476171.53
1476171.49
1476171.48
1476171.03
1476170.92
1476171.14
1476171.13
1476171.42
1476171.51
1476171.31
1476171.26
1476171.54
1476171.32
1476171.30
1476171.39
1476171.15
1476171.12
1476171.06
1476171.15
1476171.07
1476171.27
1476171.03
1476171.01
1476171.29
1476171.44
1476171.60
1476171.72
1476171.47
1476171.33
1476171.45
1476170.97
1476171.15
1476171.29
1476171.44
1476171.18
1476170.93
1476170.94
1476171.04
1476170.96
1476171.08
1476171.12
1476171.18
1476171.05
1476170.87
1476170.88
1476170.68
1476170.47
1476170.62
1476170.73
1476170.84
1476170.58
1476170.29
1476170.78
1476170.25
1476170.66
1476170.67
1476170.65
1476170.61
1476170.65
1476171.07
1476171.01
1476171.07
1476171.14
1476171.10
1476170.61
1476170.55
1476170.66
1476170.43
1476170.78
1476170.78
1476170.68
1476171.07
1476170.90
1476170.50
1476170.28
1476170.25
1476170.27
1476170.43
1476170.24
1476170.19
1476170.16
1476170.18
1476170.29
1476170.10
1476169.64
1476169.62
1476169.50
1476169.49
1476169.70
1476169.63
1476169.88
1476169.63
1476169.80
1476169.79
1476169.90
1476169.64
1476169.56
1476169.55
1476169.60
1476169.66
1476169.73
1476169.54
1476169.27
1476169.09
1476168.81
1476168.76
1476168.56
1476168.90
1476168.92
1476169.07
1476168.89
1476169.29
1476169.56
1476169.41
1476169.38
1476169.30
1476169.29
1476169.68
1476169.79
1476169.92
1476170.01
1476169.71
1476169.95
1476170.00
1476169.55
1476169.36
1476169.22
1476169.34
1476169.33
1476169.42
1476169.52
1476169.40
1476169.53
1476169.59
1476169.28
1476169.38
1476169.33
1476169.20
1476169.07
1476169.23
1476169.32
1476169.25
1476169.47
1476169.40
1476169.27
1476169.29
1476169.20
1476168.98
1476168.86
1476168.91
1476169.01
1476169.04
1476168.69
1476168.52
1476168.27
1476168.09
1476167.71
1476167.45
1476167.57
1476167.70
1476167.81
1476167.99
1476167.82
1476167.66
1476167.72
1476167.71
1476168.33
1476168.51
1476168.46
1476168.68
1476169.06
1476169.54
1476169.96
1476170.08
1476169.89
1476169.82
1476170.01
1476170.11
1476169.92
1476169.87
1476169.79
1476169.79
1476169.67
1476169.76
1476169.51
1476169.77
1476170.08
1476169.94
1476169.77
1476169.53
1476169.03
1476169.36
1476169.64
1476169.55
1476169.49
1476169.49
1476169.80
1476169.63
1476169.88
1476170.26
1476169.99
1476170.05
1476169.86
1476169.93
1476169.88
1476170.09
1476169.75
1476169.91
1476169.81
1476169.53
1476169.69
1476169.56
1476169.34
1476169.20
1476169.26
1476169.51
1476169.59
1476169.50
1476169.31
1476169.51
1476169.53
1476169.55
1476169.71
1476170.08
1476169.81
1476169.88
1476169.86
1476169.68
1476169.61
1476169.70
1476169.76
1476170.07
1476169.97
1476170.23
1476170.29
1476170.42
1476170.45
1476170.27
1476170.39
1476170.46
1476170.28
1476170.17
1476170.45
1476170.67
1476170.58
1476171.03
1476171.11
1476171.07
1476171.08
1476170.97
1476171.03
1476171.00
1476171.29
1476171.06
1476170.86
1476170.86
1476170.96
1476170.98
1476170.51
1476170.72
1476170.63
1476170.62
1476170.68
1476171.10
1476171.05
1476171.18
1476170.89
1476170.81
1476170.94
1476171.22
1476171.27
1476171.67
1476171.62
1476171.81
1476171.42
1476171.21
1476171.23
1476171.13
1476171.26
1476171.75
1476171.61
1476171.68
1476171.69
1476172.13
1476171.89
1476171.58
1476171.48
1476171.30
1476171.22
1476171.16
1476171.66
1476171.60
1476171.63
1476171.41
1476171.15
1476171.08
1476171.05
1476171.09
1476171.01
1476171.21
1476171.19
1476171.05
1476170.88
1476170.65
1476170.68
1476170.64
1476170.55
1476170.82
1476170.43
1476170.22
1476170.17
1476169.93
1476169.63
1476169.75
1476169.87
1476169.56
1476169.44
1476169.28
1476169.03
1476169.11
1476169.20
1476169.23
1476169.05
1476169.25
1476169.14
1476168.85
1476168.77
1476168.97
1476169.08
1476169.24
1476169.25
1476169.40
1476169.36
1476169.48
1476169.40
1476169.04
1476168.98
1476168.87
1476168.52
1476168.54
1476168.55
1476168.54
1476168.54
1476168.52
1476168.55
1476168.52
1476168.57
1476168.46
1476168.54
1476168.43
1476168.47
1476168.27
1476168.39
1476168.23
1476168.08
1476168.11
1476168.15
1476168.18
1476167.95
1476167.77
1476167.74
1476167.76
1476167.93
1476168.09
1476168.43
1476168.29
1476168.30
1476168.30
1476167.95
1476168.03
1476167.73
1476167.52
1476167.51
1476167.26
1476166.92
1476166.60
1476166.82
1476166.38
1476166.61
1476166.35
1476166.31
1476166.13
1476165.90
1476165.76
1476166.03
1476166.15
1476166.21
1476165.88
1476165.70
1476165.53
1476165.38
1476165.37
1476165.04
1476164.74
1476164.75
1476164.50
1476164.50
1476164.44
1476164.71
1476164.75
1476164.85
1476164.90
1476165.14
1476165.27
1476165.24
1476165.35
1476165.40
1476165.00
1476165.02
1476164.72
1476165.06
1476165.38
1476165.32
1476165.12
1476165.22
1476165.32
1476165.14
1476165.54
1476165.55
1476165.68
1476165.96
1476165.97
1476165.97
1476165.99
1476165.62
1476165.46
1476165.58
1476165.66
1476165.77
1476166.29
1476166.33
1476166.58
1476166.27
1476166.39
1476166.41
1476166.40
1476166.16
1476166.15
1476166.09
1476166.15
1476166.20
1476166.30
1476166.20
1476166.38
1476166.12
1476166.20
1476166.40
1476166.46
1476166.59
1476166.69
1476166.61
1476166.49
1476166.20
1476166.09
1476166.21
1476166.58
1476166.86
1476166.71
1476166.21
1476165.98
1476166.05
1476166.24
1476166.10
1476165.61
1476165.60
1476166.05
1476165.94
1476166.24
1476166.21
1476165.96
1476165.79
1476165.69
1476165.75
1476165.68
1476165.68
1476165.58
1476165.53
1476165.66
1476165.29
1476164.87
1476164.84
1476164.65
1476165.11
1476165.06
1476165.15
1476165.15
1476165.14
1476165.07
1476164.91
1476164.84
1476164.98
1476165.01
1476165.22
1476165.43
1476165.50
1476166.05
1476165.75
1476165.82
1476165.70
1476165.78
1476165.93
1476166.25
1476166.14
1476165.94
1476166.08
1476166.25
1476165.97
1476166.04
1476166.25
1476166.43
1476166.49
1476166.50
1476166.33
1476166.46
1476166.38
1476166.51
1476166.21
1476166.05
1476166.22
1476166.30
1476166.24
1476166.28
1476166.35
1476165.82
1476165.54
1476165.32
1476164.96
1476164.68
1476164.89
1476165.05
1476165.03
1476164.82
1476164.84
1476164.86
1476164.74
1476164.82
1476164.74
1476164.63
1476164.27
1476164.64
1476164.97
1476164.96
1476165.17
1476165.35
1476165.25
1476165.07
1476165.04
1476164.84
1476165.06
1476164.63
1476164.39
1476164.43
1476164.64
1476164.71
1476164.32
1476163.80
1476163.54
1476163.39
1476163.52
1476163.63
1476163.66
1476163.83
1476163.72
1476163.68
1476163.99
1476164.24
1476164.21
1476164.01
1476163.93
1476164.08
1476164.01
1476163.88
1476163.86
1476163.61
1476163.29
1476163.22
1476163.48
1476163.17
1476163.26
1476163.12
1476162.77
1476162.64
1476162.62
1476162.61
1476162.65
1476162.75
1476162.47
1476162.42
1476162.56
1476162.42
1476162.35
1476162.31
1476162.31
1476162.28
1476162.02
1476162.19
1476162.33
1476162.19
1476162.28
1476162.39
1476162.52
1476162.78
1476162.76
1476162.55
1476162.43
1476162.15
1476162.19
1476162.34
1476162.35
1476162.38
1476162.36
1476162.40
1476162.22
1476162.09
1476162.01
1476161.94
1476161.69
1476161.52
1476161.77
1476161.82
1476161.84
1476161.74
1476161.72
1476161.65
1476161.87
1476161.86
1476162.19
1476162.22
1476162.29
1476162.07
1476162.03
1476162.20
1476162.29
1476162.30
1476162.49
1476162.20
1476162.29
1476162.45
1476162.83
1476162.95
1476162.50
1476162.70
1476162.63
1476162.59
1476162.60
1476162.62
1476162.67
1476162.38
1476162.17
1476162.06
1476162.19
1476162.07
1476162.23
1476162.34
1476162.26
1476162.42
1476162.55
1476162.98
1476162.84
1476162.82
1476162.71
1476162.82
1476162.85
1476162.94
1476163.03
1476163.17
1476163.43
1476163.76
1476163.74
1476163.67
1476163.81
1476163.80
1476163.65
1476163.75
1476163.76
1476164.03
1476164.14
1476164.27
1476163.96
1476163.99
1476163.66
1476163.72
1476163.65
1476163.57
1476163.40
1476163.59
1476163.60
1476163.64
1476163.78
1476164.12
1476164.03
1476164.27
1476163.90
1476163.72
1476163.73
1476163.82
1476163.95
1476164.05
1476164.10
1476163.97
1476163.81
1476163.96
1476163.62
1476163.74
1476163.78
1476163.73
1476163.59
1476163.66
1476163.62
1476163.53
1476163.61
1476163.59
1476163.54
1476163.51
1476163.43
1476163.31
1476163.10
1476163.47
1476163.67
1476163.77
1476163.83
1476164.06
1476164.06
1476164.08
1476163.85
1476163.65
1476163.66
1476163.79
1476164.00
1476163.93
1476164.01
1476164.28
1476163.98
1476164.04
1476163.92
1476163.97
1476164.28
1476164.45
1476164.46
1476164.42
1476164.68
1476164.79
1476164.87
1476164.75
1476164.66
1476164.84
1476164.79
1476164.74
1476164.65
1476164.54
1476164.46
1476164.70
1476165.21
1476165.30
1476165.29
1476165.03
1476164.87
1476164.87
1476164.74
1476164.52
1476164.92
1476165.06
1476165.02
1476164.69
1476164.55
1476164.54
1476164.51
1476164.48
1476164.47
1476164.27
1476164.52
1476164.81
1476164.96
1476165.10
1476164.99
1476164.94
1476165.07
1476164.84
1476164.82
1476165.12
1476165.15
1476165.05
1476164.61
1476164.78
1476164.69
1476164.77
1476164.72
1476164.62
1476164.59
1476164.30
1476163.98
1476163.78
1476163.95
1476164.03
1476164.40
1476164.46
1476164.58
1476164.70
1476164.46
1476164.48
1476164.45
1476164.49
1476164.19
1476164.33
1476164.29
1476164.70
1476164.47
1476164.98
1476165.03
1476165.02
1476165.07
1476164.99
1476164.94
1476164.81
1476164.39
1476164.27
1476163.89
1476163.91
1476163.97
1476163.95
1476164.21
1476164.54
1476164.53
1476164.44
1476164.53
1476164.62
1476164.61
1476164.24
1476164.47
1476164.43
1476164.19
1476163.98
1476163.87
1476163.81
1476163.73
1476163.36
1476163.43
1476163.71
1476163.90
1476163.78
1476163.74
1476163.77
1476163.61
1476163.94
1476164.31
1476164.07
1476164.07
1476164.10
1476164.02
1476163.78
1476163.99
1476163.92
1476164.23
1476164.00
1476163.97
1476163.89
1476163.92
1476163.90
1476163.76
1476163.91
1476164.10
1476164.13
1476164.07
1476164.35
1476164.23
1476164.13
1476164.16
1476164.27
1476163.73
1476163.54
1476163.40
1476163.59
1476163.71
1476163.50
1476163.56
1476163.38
1476163.29
1476163.25
1476163.49
1476163.65
1476163.44
1476163.54
1476163.66
1476164.08
1476163.99
1476164.03
1476163.96
1476163.85
1476163.97
1476164.31
1476164.34
1476164.13
1476164.42
1476164.36
1476164.37
1476164.28
1476164.40
1476164.53
1476164.56
1476164.72
1476164.58
1476164.73
1476164.53
1476164.61
1476164.62
1476164.45
1476164.77
1476164.79
1476164.89
1476164.96
1476164.57
1476164.75
1476164.53
1476164.57
1476164.57
1476164.48
1476164.60
1476164.64
1476164.46
1476164.40
1476164.62
1476164.39
1476164.41
1476164.15
1476164.05
1476164.03
1476164.04
1476164.08
1476164.04
1476163.97
1476164.03
1476163.73
1476163.94
1476164.01
1476163.82
1476163.91
1476163.90
1476164.11
1476164.06
1476164.36
1476164.26
1476164.28
1476164.45
1476164.29
1476163.89
1476164.18
1476164.09
1476164.08
1476164.43
1476164.26
1476164.02
1476164.03
1476163.95
1476164.13
1476164.29
1476164.37
1476164.67
1476164.93
1476165.17
1476165.10
1476164.84
1476165.14
1476165.03
1476164.87
1476165.01
1476164.82
1476164.85
1476164.79
1476165.04
1476164.98
1476164.57
1476164.46
1476164.61
1476164.33
1476164.26
1476164.40
1476164.23
1476164.02
1476164.03
1476164.04
1476163.72
1476163.78
1476164.23
1476164.03
1476164.14
1476164.26
1476163.98
1476164.00
1476164.01
1476164.38
1476164.32
1476164.27
1476164.33
1476164.51
1476164.52
1476164.56
1476164.90
1476164.94
1476165.05
1476164.94
1476165.03
1476164.95
1476164.73
1476164.99
1476164.88
1476164.71
1476164.58
1476164.28
1476164.31
1476163.99
1476164.06
1476164.00
1476164.17
1476164.22
1476164.43
1476164.21
1476163.96
1476163.92
1476163.96
1476163.70
1476163.72
1476163.95
1476164.04
1476163.78
1476163.51
1476163.35
1476163.30
1476163.32
1476163.02
1479698
